a=zeros(1,6);
a(1)=20.37;
a(2)=-100;
a(3)=-135;
a(4)=-125;
a(5)=-70;
a(6)=-180;

a=a/180*3.14159

